state={
	id=121
	name="STATE_121"
	provinces={
		326 1258 1280 1286 1490 1509 1612 2327 2551 2654 2679 2947 2991 3181 3366 3431 3489 3576 3618 3699 5063 5108 6012 6030 6031 6053 6054 6055 6056 6060 6067 6074 6084 6102 6108 6114 6121 6122 6146 6153 6156 6169 6170 6183 6189 6201 6202 6203 6208 6226 6227 6257 6258 6270 6297 6307 6310 6318 6319 6335 6349 6360 6367 6368 6393 6402 6408 6409 6440 6473 6622 
	}
	history={
		owner = ELW
		add_core_of = ELW
	}
	buildings_max_level_factor=1.000
        manpower=1
        state_category = town
}
