state={
	id=161
	name="STATE_161"
	provinces={
		204 547 592 740 914 970 1110 1287 1341 1465 1786 1989 2088 2287 2557 2731 2732 2879 3054 3094 3670 3872 3943 4209 4339 4482 4612 4642 4740 5045 5758 5775 6450 6514 6539 6573 6583 6594 6621 6625 6645 6649 6657 6666 6667 6694 6709 6745 6820 6859 6951 7010 7036 7087 7129 7160 7211 7276 7349 7497 7521 7522 7565 7599 7630 7695 7712 7723 7762 
	}
	history={
		owner = XLA
		add_core_of = XLA
	}
	buildings_max_level_factor=1.000
        manpower=1
        state_category = town
}