state={
	id=183
	name="STATE_183"
	provinces={
		59 184 348 427 445 561 578 1149 1185 1206 1317 1362 1385 1431 1569 1724 1815 1848 1925 2538 2545 2576 2584 2615 2665 2982 3016 3168 3206 3237 3478 3797 4141 4375 4668 4797 4856 5122 5213 5251 5489 5538 5793 5832 5856 6695 6733 6754 6764 6828 6885 6968 6971 7020 7043 7044 7108 7126 7154 7168 7169 7181 7220 7225 7239 7240 7260 7281 7297 7302 7307 7334 7350 7369 7370 7417 7422 7438 7489 7513 7523 7550 7575 7583 7625 7641 7662 7683 7696 7771 7780 7821 7822 7830 7867 
	}
	history={
		owner = XLA
		add_core_of = XLA
	}
	buildings_max_level_factor=1.000
        manpower=1
        state_category = town
}
