state={
	id=216
	name="STATE_216"
	provinces={
		5 358 448 766 1299 1412 1656 1659 1760 1944 2172 2173 2343 2473 2535 3067 3088 3163 3249 3523 3650 3719 3750 4255 4358 4364 4780 5080 5333 5418 5477 5573 5614 5622 5724 5799 7267 7268 7282 7291 7310 7327 7345 7360 7384 7406 7418 7439 7446 7454 7515 7567 7576 7585 7586 7593 7602 7631 7632 7678 7715 7753 7754 7764 7785 7807 7816 7837 7849 7855 7956 
	}
	history={
		owner = XLA
		add_core_of = XLA
	}
	buildings_max_level_factor=1.000
        manpower=1
        state_category = town
}
