state={
	id=231
	name="STATE_231"
	provinces={
		136 167 298 385 496 511 832 879 1036 1159 1250 1324 1525 1548 1671 1748 1804 2171 2432 2503 2611 2897 3546 3593 4012 4063 4280 4289 4391 4871 5035 5091 5214 5372 5452 5507 5510 5534 5674 7664 7740 7773 7808 7824 7850 7862 7871 7877 7911 7915 7931 7953 7965 7998 8002 8009 8019 8035 8053 8059 8071 8072 8081 8094 8102 8112 8121 8122 8124 8127 8144 8145 8151 8152 8158 8166 8168 
	}
	history={
		owner = MIK
		add_core_of = MIK
	}
	buildings_max_level_factor=1.000
        manpower=1
        state_category = town
}
