state={
	id=239
	name="STATE_239"
	provinces={
		589 653 975 1105 1139 1336 1343 1549 1911 1961 2109 2156 2410 2453 2806 2960 3084 3243 3309 3311 3476 3656 3701 3762 3802 3981 4397 4493 4502 4659 4762 4948 5104 5285 5408 5478 7687 7735 7767 7774 7839 7857 7863 7881 7888 7906 7912 7917 7926 7932 7954 7966 7985 7989 8003 8023 8060 8067 8068 8073 8082 8092 8096 8118 8123 8130 8187 
	}
	history={
		owner = MIK
		add_core_of = MIK
	}
	buildings_max_level_factor=1.000
        manpower=1
        state_category = town
}
