state={
	id=436
	name="STATE_436"
	provinces={
		25 60 245 305 335 432 646 810 817 968 1051 1222 1248 1677 1958 1959 2016 2155 2322 2614 2739 2751 2783 3002 3183 3191 3562 3674 3680 3713 3904 3955 4091 4174 4193 4309 4385 4564 4577 4872 4880 4940 4974 5356 10417 10422 10435 10450 10458 10464 10515 10517 10518 10523 10536 10543 10546 10549 10567 10570 10571 10579 10584 10601 10605 10607 10610 10617 10632 10633 10652 10666 10698 10707 10720 10729 10748 10784 10799 
	}
	buildings_max_level_factor=1.000
        manpower=1
        state_category = town
}
