state={
	id=559
	name="STATE_559"
	provinces={
		6 97 369 538 616 654 696 699 704 988 1512 1580 1610 1975 2102 2148 2573 3149 3407 3574 3859 3889 4065 4129 4361 4472 4526 4778 5054 5504 5597 5645 5771 11991 11996 12073 12074 12138 12143 12174 12182 12239 12256 12282 12286 12338 12342 12347 12358 12418 12459 12476 12481 12482 12513 12539 12551 12552 12595 12611 12622 12649 12672 12683 12696 12720 12728 12742 12775 12811 
	}
	buildings_max_level_factor=1.000
        manpower=1
        state_category = town
}
