state={
	id=588
	name="STATE_588"
	provinces={
		216 224 380 815 959 1040 1053 1098 1113 1424 1870 2053 2377 2603 2912 2915 3291 3305 3413 3632 3638 3874 3932 4249 4291 4412 4694 4904 5083 5125 5227 5454 5523 5525 12710 12729 12767 12772 12789 12797 12809 12812 12816 12827 12837 12843 12846 12847 12851 12855 12856 12873 12876 12879 12880 12886 12895 12896 12907 12911 12912 12916 12926 12930 12933 12936 12939 12941 12946 12957 12958 12959 12960 12961 
	}
	buildings_max_level_factor=1.000
        manpower=1
        state_category = town
}
